0	-1.00484e+09
6	-9.96342e+08
16	-9.47765e+08
44	-8.79591e+08
95	-8.40967e+08
142	-7.55159e+08
156	-7.21311e+08
402	-7.14134e+08
484	-6.64079e+08
895	-6.23488e+08
1034	-5.8984e+08
1110	-5.87151e+08
1174	-5.86288e+08
1232	-5.46857e+08
1301	-5.25919e+08
1303	-5.20027e+08
1392	-5.16045e+08
1402	-5.14753e+08
1447	-5.13479e+08
1657	-5.03037e+08
1672	-5.00372e+08
1885	-4.96157e+08
3116	-4.82646e+08
3474	-4.81546e+08
4562	-4.56329e+08
7402	-4.51531e+08
8871	-4.34813e+08
9107	-4.18838e+08
9127	-4.16165e+08
